         123         106         138         133
         123         106         138         134
         369         365         384         382
         487         486         519         508
         488         486         519         508
         616         606         636         642
         616         607         636         642
         757         728         749         767
        1018         965         995        1022
        1144        1107        1099        1150
        1265        1229        1236        1270
        1734        1725        1739        1802
        1734        1726        1739        1802
        1968        1973        1988        2071
        1968        1973        1988        2072
        2078        2107        2104        2211
        2325        2359        2369        2447
        2426        2507        2489        2578
